81
# x y z
0	37.28	0
2	37.2564	0
4	37.2328	0
6	37.2092	0
8	37.1856	0
10	37.21206	0
12	37.23852	0
14	37.26498	0
16	37.29144	0
18	37.3179	0
20	37.396325	0
22	37.47475	0
24	37.553175	0
26	37.6316	0
28	37.5928	0
30	37.554	0
32	37.41885	0
34	37.2837	0
36	37.20045	0
38	37.1172	0
40	37.069866666667	0
42	37.022533333333	0
44	36.9752	0
46	36.97976	0
48	36.98432	0
50	36.98888	0
52	36.99344	0
54	36.998	0
56	37.0024125	0
58	37.006825	0
60	37.0112375	0
62	37.01565	0
64	37.0200625	0
66	37.024475	0
68	37.0288875	0
70	37.0333	0
72	37.049116666667	0
74	37.064933333333	0
76	37.08075	0
78	37.096566666667	0
80	37.112383333333	0
82	37.1282	0
84	37.217575	0
86	37.30695	0
88	37.396325	0
90	37.4857	0
92	37.4225	0
94	37.3593	0
96	37.2961	0
98	37.37888	0
100	37.46166	0
102	37.54444	0
104	37.62722	0
106	37.71	0
108	37.3668	0
110	37.36825	0
112	37.3697	0
114	37.37115	0
116	37.3726	0
118	37.37405	0
120	37.3755	0
122	37.37695	0
124	37.3784	0
126	37.4465	0
128	37.5146	0
130	37.525875	0
132	37.53715	0
134	37.548425	0
136	37.5597	0
138	37.613385714286	0
140	37.667071428571	0
142	37.720757142857	0
144	37.774442857143	0
146	37.828128571429	0
148	37.881814285714	0
150	37.9355	0
152	37.96766	0
154	37.99982	0
156	38.03198	0
158	38.06414	0
160	38.0963	0
445
# a b m n r
1	4	2	3	3.99416000000000e+01
2	5	3	4	4.87775000000000e+01
1	7	3	5	4.41842000000000e+01
3	6	4	5	4.74629000000000e+01
2	8	4	6	5.15862000000000e+01
1	10	4	7	5.00555000000000e+01
4	7	5	6	7.63126000000000e+01
3	9	5	7	6.93438000000000e+01
5	8	6	7	1.13483000000000e+02
2	11	5	8	6.16722000000000e+01
4	10	6	8	8.11696000000000e+01
1	13	5	9	5.39685000000000e+01
6	9	7	8	1.23281000000000e+02
3	12	6	9	6.84417000000000e+01
5	11	7	9	8.60180000000000e+01
7	10	8	9	1.45630000000000e+02
4	13	7	10	6.33428000000000e+01
6	12	8	10	8.75077000000000e+01
3	15	7	11	5.00408000000000e+01
8	11	9	10	1.37260000000000e+02
5	14	8	11	6.10892000000000e+01
7	13	9	11	8.10176000000000e+01
1	19	7	13	3.89772000000000e+01
9	12	10	11	1.34133000000000e+02
6	15	9	12	5.95551000000000e+01
8	14	10	12	9.44680000000000e+01
5	17	9	13	4.49865000000000e+01
10	13	11	12	1.38007000000000e+02
7	16	10	13	6.47396000000000e+01
9	15	11	13	1.02065000000000e+02
3	21	9	15	4.00606000000000e+01
11	14	12	13	1.56421000000000e+02
8	17	11	14	6.62225000000000e+01
10	16	12	14	9.59800000000000e+01
1	25	9	17	3.63813000000000e+01
7	19	11	15	5.59077000000000e+01
9	18	12	15	7.64429000000000e+01
12	15	13	14	1.31271000000000e+02
5	23	11	17	4.20807000000000e+01
11	17	13	15	9.12177000000000e+01
10	19	13	16	7.15948000000000e+01
13	16	14	15	1.73840000000000e+02
12	18	14	16	9.99233000000000e+01
3	27	11	19	3.44759000000000e+01
9	21	13	17	6.11162000000000e+01
14	17	15	16	1.29103000000000e+02
11	20	14	17	7.49423000000000e+01
13	19	15	17	8.80859000000000e+01
1	31	11	21	3.14504000000000e+01
7	25	13	19	3.98647000000000e+01
12	21	15	18	6.50703000000000e+01
15	18	16	17	1.39399000000000e+02
11	23	15	19	5.11507000000000e+01
14	20	16	18	7.68366000000000e+01
5	29	13	21	3.13442000000000e+01
16	19	17	18	8.74162000000000e+01
13	22	16	19	5.90222000000000e+01
15	21	17	19	6.62783000000000e+01
3	33	13	23	2.86684000000000e+01
9	27	15	21	3.59634000000000e+01
17	20	18	19	8.04164000000000e+01
14	23	17	20	4.71656000000000e+01
16	22	18	20	5.85447000000000e+01
13	25	17	21	3.89139000000000e+01
7	31	15	23	2.82135000000000e+01
1	37	13	25	2.63180000000000e+01
18	21	19	20	5.76865000000000e+01
15	24	18	21	4.89084000000000e+01
17	23	19	21	5.18371000000000e+01
5	35	15	25	2.41789000000000e+01
11	29	17	23	2.86361000000000e+01
16	25	19	22	4.39166000000000e+01
19	22	20	21	5.63326000000000e+01
18	24	20	22	4.98493000000000e+01
3	39	15	27	2.18885000000000e+01
9	33	17	25	2.44582000000000e+01
15	27	19	23	3.82933000000000e+01
20	23	21	22	4.96540000000000e+01
17	26	20	23	4.44420000000000e+01
19	25	21	23	4.55681000000000e+01
7	37	17	27	1.99188000000000e+01
1	43	15	29	2.05794000000000e+01
13	31	19	25	2.87920000000000e+01
21	24	22	23	4.67548000000000e+01
18	27	21	24	4.17466000000000e+01
20	26	22	24	4.28757000000000e+01
5	41	17	29	1.76143000000000e+01
11	35	19	27	2.26833000000000e+01
17	29	21	25	3.81082000000000e+01
22	25	23	24	4.41881000000000e+01
19	28	22	25	3.98180000000000e+01
21	27	23	25	4.09419000000000e+01
3	45	17	31	1.60068000000000e+01
9	39	19	29	1.90960000000000e+01
15	33	21	27	3.02003000000000e+01
23	26	24	25	4.26986000000000e+01
20	29	23	26	3.61590000000000e+01
1	49	17	33	1.41838000000000e+01
7	43	19	31	1.71518000000000e+01
22	28	24	26	3.65050000000000e+01
13	37	21	29	2.26086000000000e+01
19	31	23	27	3.39983000000000e+01
24	27	25	26	3.58664000000000e+01
21	30	24	27	3.37571000000000e+01
23	29	25	27	3.42245000000000e+01
11	41	21	31	1.91294000000000e+01
17	35	23	29	2.80265000000000e+01
5	47	19	33	1.39153000000000e+01
25	28	26	27	3.69249000000000e+01
22	31	25	28	3.08892000000000e+01
24	30	26	28	3.30857000000000e+01
9	45	21	33	1.69462000000000e+01
15	39	23	31	2.31074000000000e+01
21	33	25	29	2.89461000000000e+01
3	51	19	35	1.32118000000000e+01
26	29	27	28	3.39277000000000e+01
23	32	26	29	3.05285000000000e+01
25	31	27	29	3.08833000000000e+01
7	49	21	35	1.43695000000000e+01
13	43	23	33	2.03928000000000e+01
19	37	25	31	2.54849000000000e+01
1	55	19	37	1.01327000000000e+01
27	30	28	29	3.21237000000000e+01
24	33	27	30	3.04324000000000e+01
26	32	28	30	3.21010000000000e+01
17	41	25	33	2.35906000000000e+01
5	53	21	37	1.13495000000000e+01
11	47	23	35	1.63086000000000e+01
23	35	27	31	2.77252000000000e+01
25	34	28	31	3.00254000000000e+01
28	31	29	30	3.51523000000000e+01
27	33	29	31	3.34772000000000e+01
15	45	25	35	2.17474000000000e+01
3	57	21	39	9.87425000000000e+00
9	51	23	37	1.45393000000000e+01
21	39	27	33	2.50674000000000e+01
29	32	30	31	3.39970000000000e+01
26	35	29	32	3.00871000000000e+01
19	43	27	35	2.65992000000000e+01
13	49	25	37	1.72258000000000e+01
1	61	21	41	1.01585000000000e+01
28	34	30	32	3.19005000000000e+01
25	37	29	33	2.91565000000000e+01
7	55	23	39	1.00391000000000e+01
30	33	31	32	3.56090000000000e+01
27	36	30	33	3.10420000000000e+01
29	35	31	33	3.33071000000000e+01
17	47	27	37	2.13502000000000e+01
11	53	25	39	1.29587000000000e+01
5	59	23	41	9.99429000000000e+00
23	41	29	35	2.93035000000000e+01
31	34	32	33	3.88237000000000e+01
28	37	31	34	3.40985000000000e+01
30	36	32	34	3.88870000000000e+01
9	57	25	41	1.07075000000000e+01
15	51	27	39	1.84626000000000e+01
27	39	31	35	3.32701000000000e+01
21	45	29	37	2.74028000000000e+01
3	63	23	43	1.01566000000000e+01
32	35	33	34	4.40264000000000e+01
29	38	32	35	3.67996000000000e+01
31	37	33	35	4.22175000000000e+01
13	55	27	41	1.22836000000000e+01
19	49	29	39	2.26060000000000e+01
7	61	25	43	1.06779000000000e+01
25	43	31	37	3.36992000000000e+01
1	67	23	45	1.07261000000000e+01
30	39	33	36	3.84993000000000e+01
33	36	34	35	4.44037000000000e+01
32	38	34	36	4.07086000000000e+01
17	53	29	41	1.79160000000000e+01
11	59	27	43	1.19247000000000e+01
23	47	31	39	2.58966000000000e+01
29	41	33	37	3.76054000000000e+01
5	65	25	45	1.13010000000000e+01
34	37	35	36	4.26743000000000e+01
31	40	34	37	3.95358000000000e+01
33	39	35	37	4.05830000000000e+01
27	45	33	39	3.48242000000000e+01
15	57	29	43	1.44390000000000e+01
21	51	31	41	2.34915000000000e+01
3	69	25	47	1.18048000000000e+01
9	63	27	45	1.30002000000000e+01
32	41	35	38	4.14931000000000e+01
35	38	36	37	4.35839000000000e+01
34	40	36	38	4.54837000000000e+01
31	43	35	39	4.18670000000000e+01
19	55	31	43	1.68700000000000e+01
13	61	29	45	1.52983000000000e+01
25	49	33	41	2.75312000000000e+01
1	73	25	49	1.05895000000000e+01
7	67	27	47	1.30455000000000e+01
36	39	37	38	4.63284000000000e+01
33	42	36	39	4.40279000000000e+01
23	53	33	43	2.19239000000000e+01
17	59	31	45	1.87490000000000e+01
35	41	37	39	4.71611000000000e+01
29	47	35	41	3.07710000000000e+01
5	71	27	49	1.16487000000000e+01
11	65	29	47	1.54350000000000e+01
37	40	38	39	4.45736000000000e+01
34	43	37	40	4.88587000000000e+01
33	45	37	41	4.55764000000000e+01
21	57	33	45	2.04474000000000e+01
27	51	35	43	2.82506000000000e+01
36	42	38	40	4.86817000000000e+01
3	75	27	51	1.13477000000000e+01
9	69	29	49	1.38742000000000e+01
15	63	31	47	1.93811000000000e+01
38	41	39	40	4.73136000000000e+01
35	44	38	41	5.41564000000000e+01
37	43	39	41	5.84735000000000e+01
31	49	37	43	3.29810000000000e+01
25	55	35	45	2.17411000000000e+01
19	61	33	47	2.29454000000000e+01
7	73	29	51	1.28114000000000e+01
13	67	31	49	1.65844000000000e+01
36	45	39	42	5.62421000000000e+01
39	42	40	41	5.75267000000000e+01
23	59	35	47	2.45623000000000e+01
29	53	37	45	2.96082000000000e+01
35	47	39	43	4.21012000000000e+01
38	44	40	42	6.81214000000000e+01
11	71	31	51	1.54703000000000e+01
5	77	29	53	1.34601000000000e+01
17	65	33	49	2.09550000000000e+01
37	46	40	43	5.51981000000000e+01
40	43	41	42	6.63955000000000e+01
39	45	41	43	6.76486000000000e+01
27	57	37	47	2.61102000000000e+01
33	51	39	45	4.38147000000000e+01
15	69	33	51	1.97007000000000e+01
9	75	31	53	1.58224000000000e+01
21	63	35	49	2.35455000000000e+01
41	44	42	43	7.56629000000000e+01
38	47	41	44	5.67796000000000e+01
25	61	37	49	2.58633000000000e+01
37	49	41	45	5.96927000000000e+01
31	55	39	47	2.87945000000000e+01
7	79	31	55	1.44262000000000e+01
13	73	33	53	1.90994000000000e+01
40	46	42	44	7.72984000000000e+01
19	67	35	51	2.31782000000000e+01
42	45	43	44	1.06367000000000e+02
39	48	42	45	6.88567000000000e+01
29	59	39	49	2.76045000000000e+01
41	47	43	45	9.61514000000000e+01
35	53	41	47	4.76460000000000e+01
11	77	33	55	1.73021000000000e+01
17	71	35	53	2.41232000000000e+01
23	65	37	51	2.61338000000000e+01
43	46	44	45	1.45510000000000e+02
40	49	43	46	8.79283000000000e+01
33	57	41	49	3.10641000000000e+01
39	51	43	47	8.23690000000000e+01
9	81	33	57	1.38353000000000e+01
21	69	37	53	2.82188000000000e+01
27	63	39	51	2.94680000000000e+01
42	48	44	46	1.08907000000000e+02
15	75	35	55	2.13494000000000e+01
44	47	45	46	1.40219000000000e+02
41	50	44	47	1.01688000000000e+02
43	49	45	47	1.16613000000000e+02
31	61	41	51	3.31004000000000e+01
37	55	43	49	4.04960000000000e+01
25	67	39	53	3.19743000000000e+01
13	79	35	57	1.65983000000000e+01
19	73	37	55	2.56439000000000e+01
45	48	46	47	1.53189000000000e+02
42	51	45	48	9.77655000000000e+01
35	59	43	51	3.95527000000000e+01
41	53	45	49	6.48927000000000e+01
29	65	41	53	3.66460000000000e+01
44	50	46	48	1.12032000000000e+02
17	77	37	57	2.09483000000000e+01
23	71	39	55	2.97321000000000e+01
43	52	46	49	7.88670000000000e+01
46	49	47	48	1.22767000000000e+02
45	51	47	49	9.10949000000000e+01
39	57	45	51	4.36065000000000e+01
33	63	43	53	4.36950000000000e+01
27	69	41	55	3.46458000000000e+01
21	75	39	57	2.40143000000000e+01
15	81	37	59	1.66418000000000e+01
47	50	48	49	9.08468000000000e+01
44	53	47	50	6.88704000000000e+01
43	55	47	51	4.57944000000000e+01
37	61	45	53	5.01626000000000e+01
46	52	48	50	9.68049000000000e+01
25	73	41	57	2.74159000000000e+01
31	67	43	55	3.95089000000000e+01
19	79	39	59	2.00836000000000e+01
45	54	48	51	6.62551000000000e+01
48	51	49	50	1.34910000000000e+02
47	53	49	51	1.09062000000000e+02
41	59	47	53	5.26235000000000e+01
35	65	45	55	4.53444000000000e+01
29	71	43	57	3.12681000000000e+01
23	77	41	59	2.30014000000000e+01
49	52	50	51	1.43928000000000e+02
46	55	49	52	7.52196000000000e+01
45	57	49	53	7.39293000000000e+01
48	54	50	52	1.11374000000000e+02
21	81	41	61	1.98826000000000e+01
33	69	45	57	3.46213000000000e+01
27	75	43	59	2.58270000000000e+01
39	63	47	55	4.99562000000000e+01
50	53	51	52	1.71584000000000e+02
47	56	50	53	9.40853000000000e+01
49	55	51	53	1.08357000000000e+02
43	61	49	55	6.27953000000000e+01
31	73	45	59	2.72590000000000e+01
25	79	43	61	2.25493000000000e+01
37	67	47	57	3.69862000000000e+01
48	57	51	54	1.04262000000000e+02
51	54	52	53	1.83617000000000e+02
47	59	51	55	9.29976000000000e+01
50	56	52	54	1.19006000000000e+02
35	71	47	59	2.91900000000000e+01
41	65	49	57	4.47256000000000e+01
29	77	45	61	2.37128000000000e+01
52	55	53	54	1.45069000000000e+02
49	58	52	55	9.32284000000000e+01
51	57	53	55	1.01712000000000e+02
33	75	47	61	2.43813000000000e+01
39	69	49	59	3.47088000000000e+01
27	81	45	63	2.14729000000000e+01
45	63	51	57	5.97680000000000e+01
50	59	53	56	7.12442000000000e+01
53	56	54	55	1.14243000000000e+02
49	61	53	57	5.46817000000000e+01
31	79	47	63	2.19773000000000e+01
37	73	49	61	2.84188000000000e+01
43	67	51	59	3.98037000000000e+01
52	58	54	56	6.91810000000000e+01
54	57	55	56	4.56700000000000e+01
51	60	54	57	4.79804000000000e+01
53	59	55	57	3.84713000000000e+01
47	65	53	59	4.15484000000000e+01
35	77	49	63	2.54297000000000e+01
41	71	51	61	3.21483000000000e+01
55	58	56	57	3.36087000000000e+01
52	61	55	58	3.12757000000000e+01
54	60	56	58	3.51312000000000e+01
39	75	51	63	2.79978000000000e+01
33	81	49	65	2.32374000000000e+01
45	69	53	61	3.22449000000000e+01
51	63	55	59	2.80715000000000e+01
56	59	57	58	3.00407000000000e+01
53	62	56	59	3.49599000000000e+01
55	61	57	59	3.62602000000000e+01
37	79	51	65	2.59849000000000e+01
43	73	53	63	2.63336000000000e+01
49	67	55	61	2.49169000000000e+01
57	60	58	59	3.64421000000000e+01
54	63	57	60	4.00852000000000e+01
41	77	53	65	2.52352000000000e+01
47	71	55	63	2.59576000000000e+01
53	65	57	61	3.80789000000000e+01
56	62	58	60	4.18973000000000e+01
58	61	59	60	4.36511000000000e+01
55	64	58	61	4.49073000000000e+01
45	75	55	65	2.53469000000000e+01
39	81	53	67	2.34875000000000e+01
57	63	59	61	4.71822000000000e+01
51	69	57	63	3.50819000000000e+01
59	62	60	61	5.38429000000000e+01
56	65	59	62	4.65321000000000e+01
55	67	59	63	5.12547000000000e+01
43	79	55	67	2.37075000000000e+01
49	73	57	65	3.28307000000000e+01
58	64	60	62	5.11939000000000e+01
57	66	60	63	5.46209000000000e+01
60	63	61	62	6.08384000000000e+01
47	77	57	67	3.19984000000000e+01
53	71	59	65	5.12753000000000e+01
59	65	61	63	6.29978000000000e+01
58	67	61	64	6.05109000000000e+01
61	64	62	63	8.63741000000000e+01
51	75	59	67	4.24519000000000e+01
57	69	61	65	6.51634000000000e+01
45	81	57	69	2.78633000000000e+01
60	66	62	64	7.49558000000000e+01
59	68	62	65	7.36914000000000e+01
62	65	63	64	9.23070000000000e+01
49	79	59	69	3.62554000000000e+01
55	73	61	67	6.06453000000000e+01
61	67	63	65	8.56220000000000e+01
60	69	63	66	7.78872000000000e+01
63	66	64	65	1.15499000000000e+02
53	77	61	69	5.24613000000000e+01
59	71	63	67	7.14014000000000e+01
62	68	64	66	9.00047000000000e+01
61	70	64	67	8.40446000000000e+01
64	67	65	66	1.05041000000000e+02
57	75	63	69	6.04945000000000e+01
51	81	61	71	4.34656000000000e+01
63	69	65	67	9.92100000000000e+01
65	68	66	67	1.24841000000000e+02
62	71	65	68	7.92731000000000e+01
55	79	63	71	5.88906000000000e+01
61	73	65	69	6.95293000000000e+01
64	70	66	68	9.83328000000000e+01
63	72	66	69	8.19778000000000e+01
66	69	67	68	1.07789000000000e+02
65	71	67	69	9.86273000000000e+01
59	77	65	71	6.30697000000000e+01
64	73	67	70	8.65891000000000e+01
67	70	68	69	1.20079000000000e+02
57	81	65	73	5.61513000000000e+01
63	75	67	71	7.87557000000000e+01
66	72	68	70	1.08161000000000e+02
65	74	68	71	9.79321000000000e+01
68	71	69	70	1.33263000000000e+02
61	79	67	73	6.38614000000000e+01
67	73	69	71	1.18046000000000e+02
69	72	70	71	1.31376000000000e+02
66	75	69	72	1.03290000000000e+02
65	77	69	73	9.06684000000000e+01
68	74	70	72	1.17832000000000e+02
67	76	70	73	1.04631000000000e+02
70	73	71	72	1.34464000000000e+02
63	81	69	75	6.62471000000000e+01
69	75	71	73	1.15902000000000e+02
68	77	71	74	9.90633000000000e+01
71	74	72	73	1.32071000000000e+02
67	79	71	75	8.73345000000000e+01
70	76	72	74	1.10057000000000e+02
72	75	73	74	1.20691000000000e+02
69	78	72	75	9.55322000000000e+01
71	77	73	75	1.09744000000000e+02
70	79	73	76	9.41978000000000e+01
73	76	74	75	1.29401000000000e+02
69	81	73	77	8.17688000000000e+01
72	78	74	76	1.09910000000000e+02
71	80	74	77	9.63099000000000e+01
74	77	75	76	1.22038000000000e+02
73	79	75	77	1.08555000000000e+02
75	78	76	77	1.22242000000000e+02
72	81	75	78	9.64742000000000e+01
74	80	76	78	1.09752000000000e+02
76	79	77	78	1.23726000000000e+02
75	81	77	79	1.11540000000000e+02
77	80	78	79	1.24592000000000e+02
78	81	79	80	1.18118000000000e+02
0
