51
# x y z
0	89.442	0
2	89.291	0
4	89.356	0
6	89.28	0
8	89.061	0
10	89.137	0
12	89.136	0
14	88.967	0
16	88.874	0
18	88.782	0
20	88.932	0
21	89.082	0
22	89.081	0
23	88.943	0
24	89.042	0
25	89.087	0
26	89.235	0
27	89.251	0
28	89.427	0
29	89.466	0
30	89.428	0
31	89.198	0
32	89.056	0
33	88.822	0
34	88.764	0
35	88.608	0
36	88.544	0
37	88.444	0
38	88.528	0
39	88.54	0
40	88.741	0
41	88.764	0
42	88.595	0
43	89.004	0
44	88.81	0
45	88.717	0
46	88.643	0
47	88.569	0
48	88.571	0
49	88.553	0
50	88.488	0
51	88.517	0
52	88.344	0
53	88.249	0
54	88.348	0
55	88.451	0
56	88.449	0
57	88.545	0
58	88.539	0
59	88.606	0
60	88.313	0
232
# a b m n r
1	4	2	3	1.02918000000000e+01
2	5	3	4	2.34678000000000e+02
1	7	3	5	2.38520000000000e+02
3	6	4	5	3.93687000000000e+01
2	8	4	6	4.89556000000000e+00
4	7	5	6	4.26508000000000e+02
1	10	4	7	4.25504000000000e-01
3	9	5	7	2.75876000000000e+00
5	8	6	7	4.44476000000000e+00
2	11	5	8	-9.63076000000000e+01
1	15	5	9	-2.37301000000000e+02
4	10	6	8	1.76189000000000e+02
6	9	7	8	6.00405000000000e+02
3	13	6	9	-1.67026000000000e+02
2	17	6	10	-2.36999000000000e+02
5	11	7	9	8.86990000000000e+01
1	21	6	11	3.61395000000000e+01
7	10	8	9	1.45407000000000e+01
4	15	7	10	4.22325000000000e+01
3	19	7	11	4.83415000000000e+01
6	13	8	10	9.11807000000000e+00
8	11	9	10	2.90142000000000e+01
2	23	7	13	5.70583000000000e+01
5	17	8	11	7.82612000000000e+01
7	15	9	11	9.36829000000000e+01
1	27	7	15	7.87746000000000e+01
4	21	8	13	9.47722000000000e+01
3	25	8	15	2.59258000000000e+02
9	13	10	11	2.53048000000000e+02
6	19	9	13	9.66615000000000e+01
2	29	8	17	2.29741000000000e+02
8	17	10	13	2.56431000000000e+02
5	23	9	15	1.00404000000000e+02
4	27	9	17	1.12086000000000e+02
1	33	8	19	2.91644000000000e+02
7	21	10	15	1.11050000000000e+02
10	15	11	13	7.98308000000000e+01
11	14	12	13	9.47814000000000e+01
3	31	9	19	3.29150000000000e+02
9	19	11	15	8.69735000000000e+01
6	25	10	17	1.04382000000000e+02
12	15	13	14	1.12192000000000e+02
11	17	13	15	1.05631000000000e+02
5	29	10	19	1.06948000000000e+02
2	35	9	21	2.62372000000000e+02
8	23	11	17	9.37592000000000e+01
13	16	14	15	1.18717000000000e+02
12	18	14	16	1.14594000000000e+02
4	33	10	21	1.11703000000000e+02
1	39	9	23	3.45221000000000e+02
10	21	13	17	7.90270000000000e+01
7	27	11	19	8.02066000000000e+01
14	17	15	16	1.29201000000000e+02
11	20	14	17	1.02756000000000e+02
13	19	15	17	1.12292000000000e+02
3	37	10	23	2.93703000000000e+02
6	31	11	21	8.05794000000000e+01
9	25	13	19	7.91983000000000e+01
12	21	15	18	1.09117000000000e+02
15	18	16	17	1.23785000000000e+02
14	20	16	18	1.09578000000000e+02
5	35	11	23	7.75263000000000e+01
8	29	13	21	7.99583000000000e+01
11	23	15	19	9.42897000000000e+01
2	41	10	25	3.39137000000000e+02
16	19	17	18	1.30699000000000e+02
13	22	16	19	1.03044000000000e+02
15	21	17	19	1.13784000000000e+02
10	27	15	21	6.77228000000000e+01
4	39	11	25	7.43820000000000e+01
1	45	10	27	3.59063000000000e+02
7	33	13	23	7.55154000000000e+01
17	20	18	19	1.17362000000000e+02
14	23	17	20	9.86302000000000e+01
16	22	18	20	1.13648000000000e+02
6	37	13	25	7.46225000000000e+01
3	43	11	27	1.05361000000000e+02
9	31	15	23	7.32648000000000e+01
13	25	17	21	8.58322000000000e+01
15	24	18	21	8.79918000000000e+01
18	21	19	20	1.37422000000000e+02
2	47	11	29	1.13144000000000e+02
8	35	15	25	7.30722000000000e+01
5	41	13	27	6.73674000000000e+01
17	23	19	21	9.09895000000000e+01
11	29	17	23	8.75420000000000e+01
16	25	19	22	8.91926000000000e+01
19	22	20	21	8.73669000000000e+01
7	39	15	27	6.55371000000000e+01
1	51	11	31	1.17242000000000e+02
4	45	13	29	6.55027000000000e+01
10	33	17	25	6.49473000000000e+01
18	24	20	22	8.90761000000000e+01
15	27	19	23	9.43292000000000e+01
20	23	21	22	1.16686000000000e+02
17	26	20	23	9.77931000000000e+01
19	25	21	23	1.17499000000000e+02
6	43	15	29	6.56967000000000e+01
3	49	13	31	7.66804000000000e+01
9	37	17	27	6.23201000000000e+01
13	31	19	25	8.36220000000000e+01
21	24	22	23	1.28594000000000e+02
18	27	21	24	1.04246000000000e+02
20	26	22	24	1.11254000000000e+02
8	41	17	29	6.19955000000000e+01
17	29	21	25	9.94138000000000e+01
5	47	15	31	6.30457000000000e+01
11	35	19	27	7.37638000000000e+01
22	25	23	24	8.46109000000000e+01
19	28	22	25	1.02836000000000e+02
7	45	17	31	6.12781000000000e+01
4	51	15	33	6.27659000000000e+01
10	39	19	29	5.58625000000000e+01
15	33	21	27	8.36473000000000e+01
21	27	23	25	8.87361000000000e+01
20	29	23	26	8.85064000000000e+01
23	26	24	25	1.07279000000000e+02
22	28	24	26	8.96020000000000e+01
6	49	17	33	6.23307000000000e+01
9	43	19	31	5.82031000000000e+01
13	37	21	29	7.44107000000000e+01
19	31	23	27	8.17033000000000e+01
24	27	25	26	9.46818000000000e+01
21	30	24	27	8.52560000000000e+01
23	29	25	27	8.89636000000000e+01
17	35	23	29	7.45658000000000e+01
8	47	19	33	5.98658000000000e+01
11	41	21	31	7.03286000000000e+01
22	31	25	28	7.99878000000000e+01
25	28	26	27	9.42192000000000e+01
24	30	26	28	8.83796000000000e+01
10	45	21	33	5.69940000000000e+01
7	51	19	35	5.89191000000000e+01
15	39	23	31	7.19487000000000e+01
21	33	25	29	7.75036000000000e+01
26	29	27	28	9.80090000000000e+01
23	32	26	29	8.43972000000000e+01
25	31	27	29	8.96952000000000e+01
9	49	21	35	5.74861000000000e+01
13	43	23	33	6.83810000000000e+01
19	37	25	31	7.91820000000000e+01
27	30	28	29	1.00577000000000e+02
24	33	27	30	8.81198000000000e+01
26	32	28	30	9.52244000000000e+01
11	47	23	35	6.49715000000000e+01
23	35	27	31	9.01327000000000e+01
17	41	25	33	7.36521000000000e+01
28	31	29	30	1.05597000000000e+02
25	34	28	31	9.59053000000000e+01
27	33	29	31	1.05583000000000e+02
10	51	23	37	5.35810000000000e+01
21	39	27	33	8.03996000000000e+01
15	45	25	35	7.00370000000000e+01
29	32	30	31	1.20942000000000e+02
26	35	29	32	9.73979000000000e+01
13	49	25	37	6.64497000000000e+01
28	34	30	32	1.01742000000000e+02
19	43	27	35	7.70646000000000e+01
25	37	29	33	9.39113000000000e+01
30	33	31	32	1.03589000000000e+02
27	36	30	33	9.69841000000000e+01
17	47	27	37	7.26286000000000e+01
29	35	31	33	9.56615000000000e+01
23	41	29	35	8.52211000000000e+01
31	34	32	33	1.07745000000000e+02
28	37	31	34	9.18665000000000e+01
30	36	32	34	9.90918000000000e+01
15	51	27	39	6.93368000000000e+01
21	45	29	37	7.83519000000000e+01
27	39	31	35	8.57697000000000e+01
32	35	33	34	1.05395000000000e+02
29	38	32	35	8.92359000000000e+01
19	49	29	39	7.55832000000000e+01
31	37	33	35	9.72820000000000e+01
25	43	31	37	8.13465000000000e+01
30	39	33	36	8.74212000000000e+01
33	36	34	35	9.70548000000000e+01
32	38	34	36	9.01050000000000e+01
23	47	31	39	7.83445000000000e+01
29	41	33	37	8.25206000000000e+01
34	37	35	36	9.71940000000000e+01
31	40	34	37	8.62261000000000e+01
33	39	35	37	8.88936000000000e+01
21	51	31	41	7.18708000000000e+01
27	45	33	39	7.99362000000000e+01
35	38	36	37	9.16516000000000e+01
32	41	35	38	8.75706000000000e+01
31	43	35	39	8.52974000000000e+01
25	49	33	41	7.51654000000000e+01
34	40	36	38	9.13025000000000e+01
36	39	37	38	9.55808000000000e+01
33	42	36	39	8.71037000000000e+01
35	41	37	39	8.87684000000000e+01
29	47	35	41	7.57337000000000e+01
37	40	38	39	8.52593000000000e+01
34	43	37	40	8.52465000000000e+01
36	42	38	40	8.03047000000000e+01
33	45	37	41	8.11074000000000e+01
27	51	35	43	7.03874000000000e+01
38	41	39	40	7.85375000000000e+01
35	44	38	41	7.86902000000000e+01
37	43	39	41	7.61394000000000e+01
31	49	37	43	7.33393000000000e+01
36	45	39	42	7.36693000000000e+01
39	42	40	41	7.54939000000000e+01
38	44	40	42	7.38489000000000e+01
35	47	39	43	7.08896000000000e+01
40	43	41	42	7.20944000000000e+01
37	46	40	43	6.96588000000000e+01
39	45	41	43	6.91490000000000e+01
33	51	39	45	6.88794000000000e+01
41	44	42	43	6.86816000000000e+01
38	47	41	44	6.84341000000000e+01
40	46	42	44	6.69964000000000e+01
37	49	41	45	6.86698000000000e+01
42	45	43	44	7.03215000000000e+01
39	48	42	45	6.92380000000000e+01
41	47	43	45	7.01651000000000e+01
40	49	43	46	7.13372000000000e+01
43	46	44	45	7.29775000000000e+01
42	48	44	46	7.16740000000000e+01
39	51	43	47	7.06255000000000e+01
44	47	45	46	7.32664000000000e+01
41	50	44	47	7.08509000000000e+01
43	49	45	47	6.96713000000000e+01
42	51	45	48	6.96837000000000e+01
45	48	46	47	7.05151000000000e+01
44	50	46	48	6.87913000000000e+01
46	49	47	48	7.53043000000000e+01
45	51	47	49	6.85536000000000e+01
47	50	48	49	7.21282000000000e+01
48	51	49	50	7.48664000000000e+01
0
